000543 0.95249
000740 0.95232
000724 0.95206
000727 0.95169
000407 0.95167
000665 0.95141
000422 0.95096
000474 0.95065
000651 0.95052
000542 0.94999
000677 0.94993
000713 0.94964
000356 0.94948
000411 0.94944
000399 0.94926
000273 0.94918
000475 0.94913
000526 0.94908
000358 0.94896
000403 0.94874
000742 0.94861
000674 0.94858
000368 0.94850
000675 0.94847
000679 0.94841
000494 0.94828
000668 0.94806
000688 0.94797
000633 0.94793
000370 0.94785
000739 0.94767
000655 0.94757
000737 0.94743
000345 0.94742
000699 0.94726
000745 0.94717
000352 0.94691
000488 0.94663
000395 0.94639
000600 0.94629
000658 0.94629
000729 0.94620
000522 0.94617
000591 0.94617
000398 0.94613
000756 0.94609
000428 0.94605
000691 0.94604
000690 0.94584
000413 0.94581
000577 0.94574
000371 0.94566
000547 0.94544
000435 0.94541
000539 0.94541
000285 0.94533
000274 0.94530
000725 0.94522
000430 0.94520
000357 0.94518
000647 0.94514
000286 0.94507
000431 0.94499
000444 0.94483
000646 0.94483
000465 0.94471
000265 0.94444
000528 0.94444
000752 0.94434
000540 0.94419
000603 0.94414
000749 0.94393
000299 0.94383
000626 0.94383
000383 0.94381
000503 0.94379
000501 0.94372
000534 0.94371
000277 0.94369
000319 0.94366
000314 0.94365
000625 0.94365
000555 0.94362
000605 0.94356
000338 0.94350
000306 0.94349
000268 0.94346
000271 0.94337
000464 0.94327
000614 0.94320
000687 0.94315
000366 0.94314
000580 0.94301
000743 0.94294
000518 0.94287
000380 0.94285
000726 0.94275
000336 0.94273
000263 0.94272
000294 0.94268
000575 0.94266
000631 0.94258
000317 0.94252
000533 0.94245
000307 0.94244
000309 0.94239
000461 0.94237
000262 0.94223
000558 0.94222
000459 0.94221
000714 0.94220
000483 0.94217
000468 0.94214
000462 0.94210
000359 0.94207
000379 0.94204
000735 0.94202
000387 0.94197
000354 0.94191
000612 0.94191
000404 0.94190
000507 0.94182
000562 0.94177
000500 0.94175
000301 0.94173
000344 0.94171
000648 0.94154
000351 0.94139
000531 0.94131
000733 0.94128
000393 0.94115
000335 0.94111
000391 0.94100
000476 0.94099
000694 0.94099
000418 0.94096
000287 0.94089
000517 0.94089
000616 0.94085
000584 0.94084
000472 0.94080
000429 0.94078
000587 0.94071
000310 0.94057
000685 0.94056
000586 0.94054
000432 0.94049
000290 0.94048
000295 0.94034
000458 0.94031
000660 0.94030
000281 0.94026
000535 0.94014
000450 0.94007
000493 0.93990
000508 0.93987
000548 0.93983
000311 0.93981
000676 0.93975
000280 0.93973
000408 0.93965
000264 0.93961
000489 0.93960
000330 0.93954
000478 0.93953
000442 0.93948
000448 0.93948
000516 0.93942
000707 0.93939
000298 0.93937
000288 0.93935
000684 0.93932
000289 0.93930
000510 0.93925
000635 0.93917
000496 0.93913
000469 0.93909
000303 0.93902
000641 0.93902
000617 0.93900
000645 0.93875
000514 0.93873
000396 0.93871
000708 0.93871
000557 0.93870
000564 0.93855
000304 0.93852
000608 0.93842
000653 0.93841
000744 0.93838
000589 0.93832
000377 0.93831
000412 0.93830
000700 0.93829
000573 0.93825
000581 0.93825
000373 0.93824
000257 0.93822
000623 0.93819
000521 0.93816
000698 0.93804
000649 0.93803
000425 0.93794
000386 0.93789
000452 0.93777
000538 0.93774
000703 0.93763
000275 0.93757
000643 0.93757
000672 0.93757
000537 0.93755
000590 0.93734
000597 0.93732
000259 0.93728
000333 0.93719
000666 0.93716
000664 0.93710
000487 0.93709
000559 0.93707
000453 0.93677
000642 0.93669
000719 0.93669
000505 0.93656
000529 0.93654
000473 0.93645
000656 0.93644
000420 0.93638
000741 0.93638
000279 0.93632
000504 0.93631
000427 0.93625
000619 0.93617
000553 0.93614
000384 0.93612
000342 0.93606
000552 0.93602
000278 0.93601
000283 0.93601
000322 0.93588
000327 0.93586
000486 0.93586
000498 0.93586
000325 0.93584
000348 0.93582
000606 0.93582
000455 0.93581
000312 0.93579
000680 0.93577
000681 0.93570
000536 0.93566
000565 0.93557
000376 0.93545
000346 0.93537
000515 0.93522
000511 0.93519
000721 0.93508
000497 0.93501
000300 0.93500
000414 0.93496
000738 0.93480
000267 0.93474
000332 0.93472
000315 0.93470
000440 0.93464
000637 0.93457
000657 0.93454
000326 0.93452
000599 0.93447
000375 0.93444
000261 0.93438
000502 0.93438
000369 0.93431
000367 0.93430
000755 0.93428
000360 0.93422
000512 0.93416
000705 0.93416
000388 0.93415
000689 0.93409
000482 0.93404
000728 0.93398
000596 0.93393
000753 0.93384
000520 0.93382
000445 0.93380
000621 0.93370
000567 0.93354
000523 0.93338
000579 0.93332
000471 0.93328
000561 0.93319
000485 0.93317
000296 0.93313
000402 0.93312
000644 0.93310
000717 0.93288
000613 0.93270
000601 0.93266
000415 0.93265
000572 0.93261
000574 0.93261
000331 0.93256
000349 0.93253
000627 0.93252
000640 0.93245
000709 0.93245
000284 0.93243
000363 0.93237
000457 0.93230
000419 0.93228
000701 0.93201
000663 0.93192
000361 0.93176
000467 0.93176
000710 0.93173
000598 0.93167
000506 0.93166
000426 0.93161
000670 0.93160
000424 0.93158
000671 0.93158
000353 0.93156
000545 0.93153
000341 0.93144
000622 0.93135
000392 0.93134
000712 0.93128
000652 0.93123
000446 0.93116
000378 0.93110
000593 0.93101
000519 0.93093
000449 0.93091
000480 0.93082
000578 0.93070
000443 0.93040
000409 0.93029
000439 0.93026
000544 0.93026
000697 0.93017
000456 0.93014
000706 0.93011
000389 0.93009
000527 0.93007
000695 0.93007
000731 0.92996
000463 0.92990
000683 0.92988
000451 0.92970
000556 0.92967
000417 0.92953
000678 0.92944
000582 0.92929
000491 0.92921
000551 0.92919
000594 0.92911
000362 0.92906
000479 0.92903
000318 0.92881
000661 0.92880
000693 0.92877
000416 0.92872
000316 0.92865
000272 0.92862
000406 0.92859
000266 0.92828
000308 0.92825
000720 0.92822
000441 0.92819
000716 0.92814
000293 0.92813
000390 0.92801
000628 0.92796
000410 0.92794
000260 0.92789
000484 0.92783
000560 0.92782
000401 0.92763
000611 0.92754
000585 0.92740
000499 0.92733
000588 0.92731
000659 0.92718
000513 0.92716
000481 0.92706
000662 0.92704
000347 0.92687
000433 0.92679
000394 0.92672
000550 0.92672
000343 0.92670
000592 0.92660
000654 0.92647
000722 0.92642
000568 0.92637
000364 0.92628
000704 0.92628
000634 0.92624
000570 0.92622
000747 0.92605
000629 0.92601
000291 0.92591
000374 0.92578
000400 0.92570
000320 0.92566
000282 0.92565
000297 0.92552
000686 0.92552
000702 0.92533
000732 0.92523
000682 0.92522
000382 0.92518
000530 0.92508
000754 0.92508
000269 0.92505
000636 0.92500
000334 0.92498
000340 0.92458
000563 0.92438
000734 0.92423
000667 0.92421
000258 0.92420
000302 0.92420
000492 0.92413
000609 0.92388
000615 0.92388
000437 0.92380
000748 0.92374
000490 0.92369
000509 0.92360
000365 0.92348
000470 0.92334
000715 0.92304
000571 0.92289
000321 0.92259
000447 0.92237
000669 0.92232
000750 0.92230
000323 0.92215
000576 0.92202
000454 0.92200
000650 0.92181
000639 0.92174
000718 0.92171
000305 0.92148
000624 0.92135
000313 0.92124
000436 0.92102
000638 0.92101
000692 0.92101
000477 0.92098
000532 0.92092
000324 0.92086
000329 0.92056
000554 0.92002
000604 0.91999
000736 0.91976
000328 0.91966
000372 0.91950
000549 0.91943
000337 0.91942
000620 0.91933
000423 0.91911
000385 0.91901
000541 0.91897
000270 0.91853
000405 0.91848
000610 0.91841
000673 0.91831
000460 0.91817
000397 0.91811
000607 0.91809
000730 0.91807
000711 0.91800
000355 0.91775
000466 0.91732
000495 0.91716
000546 0.91710
000696 0.91709
000751 0.91706
000566 0.91697
000434 0.91696
000746 0.91693
000632 0.91617
000723 0.91567
000569 0.91499
000630 0.91422
000595 0.91358
000583 0.91334
000292 0.91332
000350 0.91308
000602 0.91299
000618 0.91272
000524 0.91242
000438 0.91203
000421 0.91064
000381 0.91034
000276 0.91019
000525 0.90527
000339 0.90514
